5.000000000000000000e+00 1.000000000000000000e+00 1.403148269653320312e+01 8.419999999999999707e-01
6.666666666666666963e+00 1.000000000000000000e+00 1.809677290916442871e+01 1.157999999999999918e+00
8.333333333333333925e+00 1.000000000000000000e+00 2.132167816162109375e+01 1.401999999999999913e+00
1.000000000000000000e+01 1.000000000000000000e+00 2.359062910079956055e+01 1.818000000000000060e+00
1.166666666666666785e+01 1.000000000000000000e+00 2.476657080650329590e+01 2.100000000000000089e+00
1.333333333333333393e+01 1.000000000000000000e+00 2.598828077316284180e+01 2.557999999999999829e+00
1.500000000000000000e+01 1.000000000000000000e+00 2.677949857711791992e+01 2.935999999999999943e+00
1.666666666666666785e+01 1.000000000000000000e+00 2.775899982452392578e+01 3.334000000000000075e+00
1.833333333333333570e+01 1.000000000000000000e+00 2.825392460823059082e+01 3.676000000000000156e+00
2.000000000000000000e+01 1.000000000000000000e+00 2.859011030197143555e+01 4.025999999999999801e+00
5.000000000000000000e+00 1.444444444444444420e+00 1.321751427650451660e+01 7.159999999999999698e-01
6.666666666666666963e+00 1.444444444444444420e+00 1.740964055061340332e+01 1.014000000000000012e+00
8.333333333333333925e+00 1.444444444444444420e+00 2.072611165046691895e+01 1.457999999999999963e+00
1.000000000000000000e+01 1.444444444444444420e+00 2.319910264015197754e+01 1.699999999999999956e+00
1.166666666666666785e+01 1.444444444444444420e+00 2.421932196617126465e+01 2.133999999999999897e+00
1.333333333333333393e+01 1.444444444444444420e+00 2.524264001846313477e+01 2.498000000000000220e+00
1.500000000000000000e+01 1.444444444444444420e+00 2.585955739021301270e+01 2.859999999999999876e+00
1.666666666666666785e+01 1.444444444444444420e+00 2.668482542037963867e+01 3.157999999999999918e+00
1.833333333333333570e+01 1.444444444444444420e+00 2.683123397827148438e+01 3.536000000000000032e+00
2.000000000000000000e+01 1.444444444444444420e+00 2.767148685455322266e+01 3.883999999999999897e+00
5.000000000000000000e+00 1.888888888888888840e+00 1.341206145286560059e+01 6.680000000000000382e-01
6.666666666666666963e+00 1.888888888888888840e+00 1.759442043304443359e+01 9.799999999999999822e-01
8.333333333333333925e+00 1.888888888888888840e+00 2.038356566429138184e+01 1.419999999999999929e+00
1.000000000000000000e+01 1.888888888888888840e+00 2.253248214721679688e+01 1.860000000000000098e+00
1.166666666666666785e+01 1.888888888888888840e+00 2.394308733940124512e+01 2.112000000000000099e+00
1.333333333333333393e+01 1.888888888888888840e+00 2.480277490615844727e+01 2.431999999999999940e+00
1.500000000000000000e+01 1.888888888888888840e+00 2.521061134338378906e+01 2.798000000000000043e+00
1.666666666666666785e+01 1.888888888888888840e+00 2.588796663284301758e+01 2.975999999999999979e+00
1.833333333333333570e+01 1.888888888888888840e+00 2.662312197685241699e+01 3.315999999999999837e+00
2.000000000000000000e+01 1.888888888888888840e+00 2.676838874816894531e+01 3.724000000000000199e+00
5.000000000000000000e+00 2.333333333333333037e+00 1.288169193267822266e+01 6.500000000000000222e-01
6.666666666666666963e+00 2.333333333333333037e+00 1.666690850257873535e+01 1.008000000000000007e+00
8.333333333333333925e+00 2.333333333333333037e+00 1.981767964363098145e+01 1.326000000000000068e+00
1.000000000000000000e+01 2.333333333333333037e+00 2.169979572296142578e+01 1.691999999999999948e+00
1.166666666666666785e+01 2.333333333333333037e+00 2.275575065612792969e+01 2.033999999999999808e+00
1.333333333333333393e+01 2.333333333333333037e+00 2.357180833816528320e+01 2.399999999999999911e+00
1.500000000000000000e+01 2.333333333333333037e+00 2.427357125282287598e+01 2.677999999999999936e+00
1.666666666666666785e+01 2.333333333333333037e+00 3.785752344131469727e+01 2.935999999999999943e+00
1.833333333333333570e+01 2.333333333333333037e+00 4.324428462982177734e+01 3.532000000000000028e+00
2.000000000000000000e+01 2.333333333333333037e+00 4.789394712448120117e+01 3.750000000000000000e+00
5.000000000000000000e+00 2.777777777777777679e+00 2.610652613639831543e+01 6.879999999999999449e-01
6.666666666666666963e+00 2.777777777777777679e+00 3.006280803680419922e+01 1.024000000000000021e+00
8.333333333333333925e+00 2.777777777777777679e+00 3.753756213188171387e+01 1.318000000000000060e+00
1.000000000000000000e+01 2.777777777777777679e+00 4.036889529228210449e+01 1.635999999999999899e+00
1.166666666666666785e+01 2.777777777777777679e+00 3.708296489715576172e+01 1.977999999999999980e+00
1.333333333333333393e+01 2.777777777777777679e+00 4.625355648994445801e+01 2.347999999999999865e+00
1.500000000000000000e+01 2.777777777777777679e+00 3.693488359451293945e+01 2.620000000000000107e+00
1.666666666666666785e+01 2.777777777777777679e+00 4.044447398185729980e+01 2.926000000000000156e+00
1.833333333333333570e+01 2.777777777777777679e+00 3.652667641639709473e+01 3.386000000000000121e+00
2.000000000000000000e+01 2.777777777777777679e+00 4.251897311210632324e+01 3.665999999999999925e+00
5.000000000000000000e+00 3.222222222222222321e+00 1.818774700164794922e+01 6.099999999999999867e-01
6.666666666666666963e+00 3.222222222222222321e+00 2.295775556564331055e+01 8.920000000000000151e-01
8.333333333333333925e+00 3.222222222222222321e+00 3.763144993782043457e+01 1.340000000000000080e+00
1.000000000000000000e+01 3.222222222222222321e+00 3.532521629333496094e+01 1.685999999999999943e+00
1.166666666666666785e+01 3.222222222222222321e+00 3.693548202514648438e+01 1.917999999999999927e+00
1.333333333333333393e+01 3.222222222222222321e+00 4.499483156204223633e+01 2.241999999999999993e+00
1.500000000000000000e+01 3.222222222222222321e+00 4.424353933334350586e+01 2.625999999999999890e+00
1.666666666666666785e+01 3.222222222222222321e+00 4.146080255508422852e+01 2.887999999999999901e+00
1.833333333333333570e+01 3.222222222222222321e+00 4.907626175880432129e+01 3.233999999999999986e+00
2.000000000000000000e+01 3.222222222222222321e+00 4.853816843032836914e+01 3.720000000000000195e+00
5.000000000000000000e+00 3.666666666666666519e+00 2.650892686843872070e+01 5.759999999999999565e-01
6.666666666666666963e+00 3.666666666666666519e+00 3.138315439224243164e+01 1.004000000000000004e+00
8.333333333333333925e+00 3.666666666666666519e+00 3.750445604324340820e+01 1.258000000000000007e+00
1.000000000000000000e+01 3.666666666666666519e+00 3.954004621505737305e+01 1.538000000000000034e+00
1.166666666666666785e+01 3.666666666666666519e+00 3.879247379302978516e+01 1.868000000000000105e+00
1.333333333333333393e+01 3.666666666666666519e+00 3.946268320083618164e+01 2.282000000000000028e+00
1.500000000000000000e+01 3.666666666666666519e+00 4.208721399307250977e+01 2.673999999999999932e+00
1.666666666666666785e+01 3.666666666666666519e+00 3.447988104820251465e+01 2.907999999999999918e+00
1.833333333333333570e+01 3.666666666666666519e+00 2.445645785331726074e+01 3.125999999999999890e+00
2.000000000000000000e+01 3.666666666666666519e+00 2.438787531852722168e+01 3.443999999999999950e+00
5.000000000000000000e+00 4.111111111111110716e+00 1.211473226547241211e+01 6.239999999999999991e-01
6.666666666666666963e+00 4.111111111111110716e+00 1.599691033363342285e+01 9.100000000000000311e-01
8.333333333333333925e+00 4.111111111111110716e+00 1.843424367904663086e+01 1.262000000000000011e+00
1.000000000000000000e+01 4.111111111111110716e+00 2.012202215194702148e+01 1.669999999999999929e+00
1.166666666666666785e+01 4.111111111111110716e+00 2.146013593673706055e+01 2.001999999999999780e+00
1.333333333333333393e+01 4.111111111111110716e+00 2.244056820869445801e+01 2.307999999999999829e+00
1.500000000000000000e+01 4.111111111111110716e+00 2.295931148529052734e+01 2.544000000000000039e+00
1.666666666666666785e+01 4.111111111111110716e+00 2.365613698959350586e+01 2.826000000000000068e+00
1.833333333333333570e+01 4.111111111111110716e+00 2.424752116203308105e+01 3.197999999999999954e+00
2.000000000000000000e+01 4.111111111111110716e+00 2.430377721786499023e+01 3.491999999999999993e+00
5.000000000000000000e+00 4.555555555555555358e+00 1.218649435043334961e+01 6.480000000000000204e-01
6.666666666666666963e+00 4.555555555555555358e+00 1.594763612747192383e+01 9.419999999999999485e-01
8.333333333333333925e+00 4.555555555555555358e+00 1.843583369255065918e+01 1.211999999999999966e+00
1.000000000000000000e+01 4.555555555555555358e+00 2.016062712669372559e+01 1.540000000000000036e+00
1.166666666666666785e+01 4.555555555555555358e+00 2.119857859611511230e+01 1.866000000000000103e+00
1.333333333333333393e+01 4.555555555555555358e+00 2.230363130569458008e+01 2.315999999999999837e+00
1.500000000000000000e+01 4.555555555555555358e+00 2.273698925971984863e+01 2.561999999999999833e+00
1.666666666666666785e+01 4.555555555555555358e+00 2.327708888053894043e+01 2.843999999999999861e+00
1.833333333333333570e+01 4.555555555555555358e+00 2.372141504287719727e+01 3.240000000000000213e+00
2.000000000000000000e+01 4.555555555555555358e+00 2.426639294624328613e+01 3.454000000000000181e+00
5.000000000000000000e+00 5.000000000000000000e+00 1.218790292739868164e+01 6.680000000000000382e-01
6.666666666666666963e+00 5.000000000000000000e+00 1.578334236145019531e+01 9.379999999999999449e-01
8.333333333333333925e+00 5.000000000000000000e+00 1.837624001502990723e+01 1.312000000000000055e+00
1.000000000000000000e+01 5.000000000000000000e+00 1.966053795814514160e+01 1.616000000000000103e+00
1.166666666666666785e+01 5.000000000000000000e+00 2.106623196601867676e+01 1.862000000000000099e+00
1.333333333333333393e+01 5.000000000000000000e+00 2.196255159378051758e+01 2.197999999999999954e+00
1.500000000000000000e+01 5.000000000000000000e+00 2.231444764137268066e+01 2.536000000000000032e+00
1.666666666666666785e+01 5.000000000000000000e+00 2.301191020011901855e+01 2.875999999999999890e+00
1.833333333333333570e+01 5.000000000000000000e+00 2.359823346138000488e+01 3.116000000000000103e+00
2.000000000000000000e+01 5.000000000000000000e+00 2.406150984764099121e+01 3.537999999999999812e+00
